  1.3455700702e-17   8.4940874698e-18   5.3117484848e-18   5.3867867404e-18   1.1559253589e-17   7.1032182957e-18   1.7378137111e-17   1.1602222742e-17   1.4445155333e-17   8.2426762623e-18   8.2399365109e-17   2.8457525452e-17   2.5870686637e-17   2.7006535364e-17   2.8993807178e-17   1.7076184217e-17   1.7234624212e-17   7.5605109256e-17   6.4624073959e-17   8.5140574063e-17   2.8406096919e-17   5.5489598406e-17   4.6659738660e-17   3.7037755375e-17   5.9906737095e-18   2.4394548881e-19   3.2691532634e-17   9.7120488255e-18   2.3839251206e-17   2.1843867786e-17   1.6696713456e-17   4.5216664704e-18   1.8587862227e-17   1.0221696382e-17   1.5572325378e-17   9.0937457217e-18   4.3868177239e-18   8.8008672660e-18   2.6259204349e-17   1.9913441299e-17   5.7866114583e-17   4.8227734974e-17   5.2013947911e-18   1.6734243980e-18   1.6061125736e-17   5.0449282338e-18   2.7973486866e-18   8.7558883234e-18   1.7812168845e-17   2.0556245990e-17   3.1505602231e-17   1.9939945200e-17   4.3176877535e-17   2.5526398559e-17   3.9808081120e-17   3.2312612872e-17   3.4087175442e-17   3.1645146539e-18   2.3509785887e-17   7.0839724007e-17   7.6544673377e-17   9.8207991507e-17   1.0039252148e-16   5.1893811355e-17   6.4645698320e-18   5.8953493129e-18   6.0873740602e-17   5.3913760463e-17   4.0296474974e-17   8.3725916829e-17   6.5052130349e-18   1.2992358052e-17   6.8210949261e-17   2.6996404136e-17   5.1007158268e-17   2.2903770894e-17   4.0961474366e-17   2.0374609150e-17   5.5652483097e-17   3.8743122487e-17   4.5672016516e-18   4.7572653966e-18   1.3401696087e-17   2.2298856935e-18   2.3061129710e-17   1.7726705520e-17   2.1184566735e-17   2.8264003661e-17   6.5261652775e-18   1.8453193411e-17   1.4703909629e-17   1.8431362564e-17   2.0844890109e-18   1.3453797635e-17   1.5215667290e-17   8.8210011127e-18   1.6608444987e-17   8.8817664992e-18   9.2662493335e-18   2.0856366193e-17   4.5643958550e-18 
  1.1478590844e-17   6.8527813720e-05   1.3678886522e-04   2.0451412185e-04   2.7143499498e-04   3.3728609338e-04   4.0180725347e-04   4.6474460963e-04   5.2585047185e-04   5.8488178263e-04   6.4159693040e-04   6.9576211440e-04   7.4717950506e-04   7.9565540996e-04   8.4099830109e-04   8.8302645641e-04   9.2157278802e-04   9.5648669632e-04   9.8763280168e-04   1.0148864174e-03   1.0381256405e-03   1.0572389355e-03   1.0721729697e-03   1.0828833748e-03   1.0893288407e-03   1.0914807261e-03   1.0893288407e-03   1.0828833748e-03   1.0721729697e-03   1.0572389355e-03   1.0381256405e-03   1.0148864174e-03   9.8763280168e-04   9.5648669632e-04   9.2157278803e-04   8.8302645641e-04   8.4099830109e-04   7.9565540996e-04   7.4717950506e-04   6.9576211440e-04   6.4159693040e-04   5.8488178263e-04   5.2585047185e-04   4.6474460963e-04   4.0180725347e-04   3.3728609338e-04   2.7143499498e-04   2.0451412185e-04   1.3678886522e-04   6.8527813720e-05   3.3493537789e-17   6.8527813720e-05   1.3678886522e-04   2.0451412185e-04   2.7143499498e-04   3.3728609338e-04   4.0180725347e-04   4.6474460963e-04   5.2585047185e-04   5.8488178263e-04   6.4159693040e-04   6.9576211440e-04   7.4717950506e-04   7.9565540996e-04   8.4099830109e-04   8.8302645641e-04   9.2157278802e-04   9.5648669632e-04   9.8763280168e-04   1.0148864174e-03   1.0381256405e-03   1.0572389355e-03   1.0721729697e-03   1.0828833748e-03   1.0893288407e-03   1.0914807261e-03   1.0893288407e-03   1.0828833748e-03   1.0721729697e-03   1.0572389355e-03   1.0381256405e-03   1.0148864174e-03   9.8763280168e-04   9.5648669632e-04   9.2157278803e-04   8.8302645641e-04   8.4099830109e-04   7.9565540996e-04   7.4717950506e-04   6.9576211440e-04   6.4159693040e-04   5.8488178263e-04   5.2585047185e-04   4.6474460963e-04   4.0180725347e-04   3.3728609338e-04   2.7143499498e-04   2.0451412185e-04   1.3678886522e-04   6.8527813720e-05   1.7811166785e-17 
  3.9972307606e-17   1.3678886522e-04   2.7304524409e-04   4.0823211848e-04   5.4181335665e-04   6.7325920935e-04   8.0205036220e-04   9.2768007230e-04   1.0496539240e-03   1.1674867488e-03   1.2806962650e-03   1.3888157820e-03   1.4914504094e-03   1.5882135153e-03   1.6787227888e-03   1.7626154933e-03   1.8395581034e-03   1.9092500061e-03   1.9714209696e-03   2.0258221063e-03   2.0722100861e-03   2.1103622742e-03   2.1401722109e-03   2.1615513307e-03   2.1744171734e-03   2.1787125679e-03   2.1744171734e-03   2.1615513307e-03   2.1401722109e-03   2.1103622742e-03   2.0722100861e-03   2.0258221063e-03   1.9714209696e-03   1.9092500061e-03   1.8395581034e-03   1.7626154933e-03   1.6787227888e-03   1.5882135153e-03   1.4914504094e-03   1.3888157820e-03   1.2806962650e-03   1.1674867488e-03   1.0496539240e-03   9.2768007230e-04   8.0205036220e-04   6.7325920935e-04   5.4181335665e-04   4.0823211848e-04   2.7304524409e-04   1.3678886522e-04   4.1285214656e-17   1.3678886522e-04   2.7304524409e-04   4.0823211848e-04   5.4181335665e-04   6.7325920935e-04   8.0205036220e-04   9.2768007230e-04   1.0496539240e-03   1.1674867488e-03   1.2806962650e-03   1.3888157820e-03   1.4914504094e-03   1.5882135153e-03   1.6787227888e-03   1.7626154933e-03   1.8395581034e-03   1.9092500061e-03   1.9714209696e-03   2.0258221063e-03   2.0722100861e-03   2.1103622742e-03   2.1401722109e-03   2.1615513307e-03   2.1744171734e-03   2.1787125679e-03   2.1744171734e-03   2.1615513307e-03   2.1401722109e-03   2.1103622742e-03   2.0722100861e-03   2.0258221063e-03   1.9714209696e-03   1.9092500061e-03   1.8395581034e-03   1.7626154933e-03   1.6787227888e-03   1.5882135153e-03   1.4914504094e-03   1.3888157820e-03   1.2806962650e-03   1.1674867488e-03   1.0496539240e-03   9.2768007230e-04   8.0205036220e-04   6.7325920935e-04   5.4181335665e-04   4.0823211848e-04   2.7304524409e-04   1.3678886522e-04   2.1859953916e-17 
  5.4747379721e-17   2.0451412185e-04   4.0823211848e-04   6.1035108949e-04   8.1006946004e-04   1.0065951979e-03   1.1991518722e-03   1.3869818476e-03   1.5693459200e-03   1.7455187107e-03   1.9147791582e-03   2.0764295111e-03   2.2298793630e-03   2.3745506555e-03   2.5098717918e-03   2.6353004410e-03   2.7503379469e-03   2.8545348607e-03   2.9474871571e-03   3.0288227238e-03   3.0981777590e-03   3.1552194023e-03   3.1997884817e-03   3.2317525791e-03   3.2509884064e-03   3.2574104862e-03   3.2509884064e-03   3.2317525791e-03   3.1997884817e-03   3.1552194023e-03   3.0981777590e-03   3.0288227238e-03   2.9474871571e-03   2.8545348607e-03   2.7503379469e-03   2.6353004410e-03   2.5098717918e-03   2.3745506555e-03   2.2298793630e-03   2.0764295111e-03   1.9147791582e-03   1.7455187107e-03   1.5693459200e-03   1.3869818476e-03   1.1991518722e-03   1.0065951979e-03   8.1006946004e-04   6.1035108949e-04   4.0823211848e-04   2.0451412185e-04   3.9566006152e-17   2.0451412185e-04   4.0823211848e-04   6.1035108949e-04   8.1006946004e-04   1.0065951979e-03   1.1991518722e-03   1.3869818476e-03   1.5693459200e-03   1.7455187107e-03   1.9147791582e-03   2.0764295111e-03   2.2298793630e-03   2.3745506555e-03   2.5098717918e-03   2.6353004410e-03   2.7503379469e-03   2.8545348607e-03   2.9474871571e-03   3.0288227238e-03   3.0981777590e-03   3.1552194023e-03   3.1997884817e-03   3.2317525791e-03   3.2509884064e-03   3.2574104862e-03   3.2509884064e-03   3.2317525791e-03   3.1997884817e-03   3.1552194023e-03   3.0981777590e-03   3.0288227238e-03   2.9474871571e-03   2.8545348607e-03   2.7503379469e-03   2.6353004410e-03   2.5098717918e-03   2.3745506555e-03   2.2298793630e-03   2.0764295111e-03   1.9147791582e-03   1.7455187107e-03   1.5693459200e-03   1.3869818476e-03   1.1991518722e-03   1.0065951979e-03   8.1006946004e-04   6.1035108949e-04   4.0823211848e-04   2.0451412185e-04   3.3480545182e-17 
  5.8914822975e-17   2.7143499498e-04   5.4181335665e-04   8.1006946004e-04   1.0751394398e-03   1.3359720960e-03   1.5915369350e-03   1.8408284096e-03   2.0828654345e-03   2.3166852749e-03   2.5413309265e-03   2.7558763225e-03   2.9595378611e-03   3.1515483292e-03   3.3311490913e-03   3.4976203553e-03   3.6503002950e-03   3.7885923942e-03   3.9119604236e-03   4.0199105110e-03   4.1119598157e-03   4.1876665636e-03   4.2468194936e-03   4.2892428538e-03   4.3147730115e-03   4.3232965187e-03   4.3147730115e-03   4.2892428538e-03   4.2468194936e-03   4.1876665636e-03   4.1119598157e-03   4.0199105110e-03   3.9119604236e-03   3.7885923942e-03   3.6503002950e-03   3.4976203553e-03   3.3311490913e-03   3.1515483292e-03   2.9595378611e-03   2.7558763225e-03   2.5413309265e-03   2.3166852749e-03   2.0828654345e-03   1.8408284096e-03   1.5915369350e-03   1.3359720960e-03   1.0751394398e-03   8.1006946004e-04   5.4181335665e-04   2.7143499498e-04   3.4260957702e-17   2.7143499498e-04   5.4181335665e-04   8.1006946004e-04   1.0751394398e-03   1.3359720960e-03   1.5915369350e-03   1.8408284096e-03   2.0828654345e-03   2.3166852749e-03   2.5413309265e-03   2.7558763225e-03   2.9595378611e-03   3.1515483292e-03   3.3311490913e-03   3.4976203553e-03   3.6503002950e-03   3.7885923942e-03   3.9119604236e-03   4.0199105110e-03   4.1119598157e-03   4.1876665636e-03   4.2468194936e-03   4.2892428538e-03   4.3147730115e-03   4.3232965187e-03   4.3147730115e-03   4.2892428538e-03   4.2468194936e-03   4.1876665636e-03   4.1119598157e-03   4.0199105110e-03   3.9119604236e-03   3.7885923942e-03   3.6503002950e-03   3.4976203553e-03   3.3311490913e-03   3.1515483292e-03   2.9595378611e-03   2.7558763225e-03   2.5413309265e-03   2.3166852749e-03   2.0828654345e-03   1.8408284096e-03   1.5915369350e-03   1.3359720960e-03   1.0751394398e-03   8.1006946004e-04   5.4181335665e-04   2.7143499498e-04   3.4249072220e-17 
  5.9847959921e-17   3.3728609338e-04   6.7325920935e-04   1.0065951979e-03   1.3359720960e-03   1.6600836788e-03   1.9776494516e-03   2.2874199184e-03   2.5881759800e-03   2.8787213405e-03   3.1578668255e-03   3.4244617035e-03   3.6775322640e-03   3.9161251615e-03   4.1392977109e-03   4.3461554952e-03   4.5358761265e-03   4.7077183724e-03   4.8610159138e-03   4.9951550664e-03   5.1095358556e-03   5.2036093360e-03   5.2771129885e-03   5.3298284176e-03   5.3615522899e-03   5.3721436328e-03   5.3615522899e-03   5.3298284176e-03   5.2771129885e-03   5.2036093360e-03   5.1095358556e-03   4.9951550664e-03   4.8610159138e-03   4.7077183724e-03   4.5358761265e-03   4.3461554952e-03   4.1392977109e-03   3.9161251615e-03   3.6775322640e-03   3.4244617035e-03   3.1578668255e-03   2.8787213405e-03   2.5881759800e-03   2.2874199184e-03   1.9776494516e-03   1.6600836788e-03   1.3359720960e-03   1.0065951979e-03   6.7325920935e-04   3.3728609338e-04   2.8075824783e-17   3.3728609338e-04   6.7325920935e-04   1.0065951979e-03   1.3359720960e-03   1.6600836788e-03   1.9776494516e-03   2.2874199184e-03   2.5881759800e-03   2.8787213405e-03   3.1578668255e-03   3.4244617035e-03   3.6775322640e-03   3.9161251615e-03   4.1392977109e-03   4.3461554952e-03   4.5358761265e-03   4.7077183724e-03   4.8610159138e-03   4.9951550664e-03   5.1095358556e-03   5.2036093360e-03   5.2771129885e-03   5.3298284176e-03   5.3615522899e-03   5.3721436328e-03   5.3615522899e-03   5.3298284176e-03   5.2771129885e-03   5.2036093360e-03   5.1095358556e-03   4.9951550664e-03   4.8610159138e-03   4.7077183724e-03   4.5358761265e-03   4.3461554952e-03   4.1392977109e-03   3.9161251615e-03   3.6775322640e-03   3.4244617035e-03   3.1578668255e-03   2.8787213405e-03   2.5881759800e-03   2.2874199184e-03   1.9776494516e-03   1.6600836788e-03   1.3359720960e-03   1.0065951979e-03   6.7325920935e-04   3.3728609338e-04   2.4059265260e-17 
  5.2913466079e-17   4.0180725347e-04   8.0205036220e-04   1.1991518722e-03   1.5915369350e-03   1.9776494516e-03   2.3559639754e-03   2.7249919884e-03   3.0832811852e-03   3.4294064261e-03   3.7619510568e-03   4.0795442191e-03   4.3810259319e-03   4.6652604753e-03   4.9311248306e-03   5.1775534821e-03   5.4035667235e-03   5.6082815285e-03   5.7909041167e-03   5.9507034121e-03   6.0869646740e-03   6.1990339517e-03   6.2865985012e-03   6.3493981432e-03   6.3871906437e-03   6.3998080611e-03   6.3871906437e-03   6.3493981432e-03   6.2865985012e-03   6.1990339517e-03   6.0869646740e-03   5.9507034121e-03   5.7909041167e-03   5.6082815285e-03   5.4035667235e-03   5.1775534821e-03   4.9311248306e-03   4.6652604753e-03   4.3810259319e-03   4.0795442191e-03   3.7619510568e-03   3.4294064261e-03   3.0832811852e-03   2.7249919884e-03   2.3559639754e-03   1.9776494516e-03   1.5915369350e-03   1.1991518722e-03   8.0205036220e-04   4.0180725347e-04   1.7601696765e-17   4.0180725347e-04   8.0205036220e-04   1.1991518722e-03   1.5915369350e-03   1.9776494516e-03   2.3559639754e-03   2.7249919884e-03   3.0832811852e-03   3.4294064261e-03   3.7619510568e-03   4.0795442191e-03   4.3810259319e-03   4.6652604753e-03   4.9311248306e-03   5.1775534821e-03   5.4035667235e-03   5.6082815285e-03   5.7909041167e-03   5.9507034121e-03   6.0869646740e-03   6.1990339517e-03   6.2865985012e-03   6.3493981432e-03   6.3871906437e-03   6.3998080611e-03   6.3871906437e-03   6.3493981432e-03   6.2865985012e-03   6.1990339517e-03   6.0869646740e-03   5.9507034121e-03   5.7909041167e-03   5.6082815285e-03   5.4035667235e-03   5.1775534821e-03   4.9311248306e-03   4.6652604753e-03   4.3810259319e-03   4.0795442191e-03   3.7619510568e-03   3.4294064261e-03   3.0832811852e-03   2.7249919884e-03   2.3559639754e-03   1.9776494516e-03   1.5915369350e-03   1.1991518722e-03   8.0205036220e-04   4.0180725347e-04   9.7903049308e-18 
  4.5741389785e-17   4.6474460963e-04   9.2768007230e-04   1.3869818476e-03   1.8408284096e-03   2.2874199184e-03   2.7249919884e-03   3.1518229475e-03   3.5662330083e-03   3.9665738055e-03   4.3512067897e-03   4.7185463800e-03   5.0672508959e-03   5.3960067188e-03   5.7035149226e-03   5.9885430929e-03   6.2499580660e-03   6.4867385032e-03   6.6979662915e-03   6.8827958458e-03   7.0404004779e-03   7.1700238107e-03   7.2713041068e-03   7.3439404268e-03   7.3876525906e-03   7.4022463490e-03   7.3876525906e-03   7.3439404268e-03   7.2713041068e-03   7.1700238107e-03   7.0404004779e-03   6.8827958458e-03   6.6979662915e-03   6.4867385032e-03   6.2499580660e-03   5.9885430929e-03   5.7035149226e-03   5.3960067188e-03   5.0672508959e-03   4.7185463800e-03   4.3512067897e-03   3.9665738055e-03   3.5662330083e-03   3.1518229475e-03   2.7249919884e-03   2.2874199184e-03   1.8408284096e-03   1.3869818476e-03   9.2768007230e-04   4.6474460963e-04   6.3984971184e-18   4.6474460963e-04   9.2768007230e-04   1.3869818476e-03   1.8408284096e-03   2.2874199184e-03   2.7249919884e-03   3.1518229475e-03   3.5662330083e-03   3.9665738055e-03   4.3512067897e-03   4.7185463800e-03   5.0672508959e-03   5.3960067188e-03   5.7035149226e-03   5.9885430929e-03   6.2499580660e-03   6.4867385032e-03   6.6979662915e-03   6.8827958458e-03   7.0404004779e-03   7.1700238107e-03   7.2713041068e-03   7.3439404268e-03   7.3876525906e-03   7.4022463490e-03   7.3876525906e-03   7.3439404268e-03   7.2713041068e-03   7.1700238107e-03   7.0404004779e-03   6.8827958458e-03   6.6979662915e-03   6.4867385032e-03   6.2499580660e-03   5.9885430929e-03   5.7035149226e-03   5.3960067188e-03   5.0672508959e-03   4.7185463800e-03   4.3512067897e-03   3.9665738055e-03   3.5662330083e-03   3.1518229475e-03   2.7249919884e-03   2.2874199184e-03   1.8408284096e-03   1.3869818476e-03   9.2768007230e-04   4.6474460963e-04   1.3057970818e-17 
  3.2886096363e-17   5.2585047185e-04   1.0496539240e-03   1.5693459200e-03   2.0828654345e-03   2.5881759800e-03   3.0832811852e-03   3.5662330083e-03   4.0351308000e-03   4.4881094655e-03   4.9233150177e-03   5.3389534020e-03   5.7335065255e-03   6.1054880469e-03   6.4534282521e-03   6.7759326845e-03   7.0717191890e-03   7.3396321392e-03   7.5786327075e-03   7.7877641323e-03   7.9660910360e-03   8.1127575969e-03   8.2273545089e-03   8.3095412578e-03   8.3590008215e-03   8.3755134090e-03   8.3590008215e-03   8.3095412578e-03   8.2273545089e-03   8.1127575969e-03   7.9660910360e-03   7.7877641323e-03   7.5786327075e-03   7.3396321392e-03   7.0717191890e-03   6.7759326845e-03   6.4534282521e-03   6.1054880469e-03   5.7335065255e-03   5.3389534020e-03   4.9233150177e-03   4.4881094655e-03   4.0351308000e-03   3.5662330083e-03   3.0832811852e-03   2.5881759800e-03   2.0828654345e-03   1.5693459200e-03   1.0496539240e-03   5.2585047185e-04   1.4715971601e-17   5.2585047185e-04   1.0496539240e-03   1.5693459200e-03   2.0828654345e-03   2.5881759800e-03   3.0832811852e-03   3.5662330083e-03   4.0351308000e-03   4.4881094655e-03   4.9233150177e-03   5.3389534020e-03   5.7335065255e-03   6.1054880469e-03   6.4534282521e-03   6.7759326845e-03   7.0717191890e-03   7.3396321392e-03   7.5786327075e-03   7.7877641323e-03   7.9660910360e-03   8.1127575969e-03   8.2273545089e-03   8.3095412578e-03   8.3590008215e-03   8.3755134090e-03   8.3590008215e-03   8.3095412578e-03   8.2273545089e-03   8.1127575969e-03   7.9660910360e-03   7.7877641323e-03   7.5786327075e-03   7.3396321392e-03   7.0717191890e-03   6.7759326845e-03   6.4534282521e-03   6.1054880469e-03   5.7335065255e-03   5.3389534020e-03   4.9233150177e-03   4.4881094655e-03   4.0351308000e-03   3.5662330083e-03   3.0832811852e-03   2.5881759800e-03   2.0828654345e-03   1.5693459200e-03   1.0496539240e-03   5.2585047185e-04   2.8346394515e-17 
  1.0107196784e-17   5.8488178263e-04   1.1674867488e-03   1.7455187107e-03   2.3166852749e-03   2.8787213405e-03   3.4294064261e-03   3.9665738055e-03   4.4881094655e-03   4.9919389392e-03   5.4760001152e-03   5.9382975428e-03   6.3771427066e-03   6.7908824075e-03   7.1778819421e-03   7.5365903134e-03   7.8655814335e-03   8.1635699470e-03   8.4294004093e-03   8.6620086559e-03   8.8603543088e-03   9.0234854770e-03   9.1509469015e-03   9.2423598382e-03   9.2973716746e-03   9.3157379460e-03   9.2973716746e-03   9.2423598382e-03   9.1509469015e-03   9.0234854770e-03   8.8603543088e-03   8.6620086559e-03   8.4294004093e-03   8.1635699470e-03   7.8655814335e-03   7.5365903134e-03   7.1778819421e-03   6.7908824075e-03   6.3771427066e-03   5.9382975428e-03   5.4760001152e-03   4.9919389391e-03   4.4881094655e-03   3.9665738055e-03   3.4294064261e-03   2.8787213405e-03   2.3166852749e-03   1.7455187107e-03   1.1674867488e-03   5.8488178263e-04   3.2615634917e-17   5.8488178263e-04   1.1674867488e-03   1.7455187107e-03   2.3166852749e-03   2.8787213405e-03   3.4294064261e-03   3.9665738055e-03   4.4881094655e-03   4.9919389391e-03   5.4760001152e-03   5.9382975428e-03   6.3771427066e-03   6.7908824075e-03   7.1778819421e-03   7.5365903134e-03   7.8655814335e-03   8.1635699470e-03   8.4294004093e-03   8.6620086559e-03   8.8603543088e-03   9.0234854770e-03   9.1509469015e-03   9.2423598382e-03   9.2973716746e-03   9.3157379460e-03   9.2973716746e-03   9.2423598382e-03   9.1509469015e-03   9.0234854770e-03   8.8603543088e-03   8.6620086559e-03   8.4294004093e-03   8.1635699470e-03   7.8655814335e-03   7.5365903134e-03   7.1778819421e-03   6.7908824075e-03   6.3771427066e-03   5.9382975428e-03   5.4760001152e-03   4.9919389391e-03   4.4881094655e-03   3.9665738055e-03   3.4294064261e-03   2.8787213405e-03   2.3166852749e-03   1.7455187107e-03   1.1674867488e-03   5.8488178263e-04   5.8058877861e-17 
  6.3294378165e-17   6.4159693040e-04   1.2806962650e-03   1.9147791582e-03   2.5413309265e-03   3.1578668255e-03   3.7619510568e-03   4.3512067897e-03   4.9233150177e-03   5.4760001152e-03   6.0070000103e-03   6.5141257557e-03   6.9955251038e-03   7.4493845487e-03   7.8739108726e-03   8.2674026811e-03   8.6282956005e-03   8.9551796361e-03   9.2467873010e-03   9.5019512392e-03   9.7195301870e-03   9.8984799492e-03   1.0038301122e-02   1.0138578237e-02   1.0198924490e-02   1.0219071711e-02   1.0198924490e-02   1.0138578237e-02   1.0038301122e-02   9.8984799492e-03   9.7195301870e-03   9.5019512392e-03   9.2467873010e-03   8.9551796361e-03   8.6282956005e-03   8.2674026811e-03   7.8739108726e-03   7.4493845487e-03   6.9955251038e-03   6.5141257557e-03   6.0070000103e-03   5.4760001152e-03   4.9233150177e-03   4.3512067897e-03   3.7619510568e-03   3.1578668255e-03   2.5413309265e-03   1.9147791582e-03   1.2806962650e-03   6.4159693040e-04   7.0024248499e-17   6.4159693040e-04   1.2806962650e-03   1.9147791582e-03   2.5413309265e-03   3.1578668255e-03   3.7619510568e-03   4.3512067897e-03   4.9233150177e-03   5.4760001152e-03   6.0070000103e-03   6.5141257557e-03   6.9955251038e-03   7.4493845487e-03   7.8739108726e-03   8.2674026811e-03   8.6282956005e-03   8.9551796361e-03   9.2467873010e-03   9.5019512392e-03   9.7195301870e-03   9.8984799492e-03   1.0038301122e-02   1.0138578237e-02   1.0198924490e-02   1.0219071711e-02   1.0198924490e-02   1.0138578237e-02   1.0038301122e-02   9.8984799492e-03   9.7195301870e-03   9.5019512392e-03   9.2467873010e-03   8.9551796361e-03   8.6282956005e-03   8.2674026811e-03   7.8739108726e-03   7.4493845487e-03   6.9955251038e-03   6.5141257557e-03   6.0070000103e-03   5.4760001152e-03   4.9233150177e-03   4.3512067897e-03   3.7619510568e-03   3.1578668255e-03   2.5413309265e-03   1.9147791582e-03   1.2806962650e-03   6.4159693040e-04   2.6678113327e-17 
  5.1422579986e-17   6.9576211440e-04   1.3888157820e-03   2.0764295111e-03   2.7558763225e-03   3.4244617035e-03   4.0795442191e-03   4.7185463800e-03   5.3389534020e-03   5.9382975428e-03   6.5141257557e-03   7.0640642920e-03   7.5861045415e-03   8.0782799042e-03   8.5386457777e-03   8.9653571329e-03   9.3567175276e-03   9.7111979314e-03   1.0027423851e-02   1.0304129374e-02   1.0540076880e-02   1.0734134009e-02   1.0885759208e-02   1.0994501944e-02   1.1059942764e-02   1.1081790859e-02   1.1059942764e-02   1.0994501944e-02   1.0885759208e-02   1.0734134009e-02   1.0540076880e-02   1.0304129374e-02   1.0027423851e-02   9.7111979314e-03   9.3567175276e-03   8.9653571329e-03   8.5386457777e-03   8.0782799042e-03   7.5861045415e-03   7.0640642920e-03   6.5141257557e-03   5.9382975428e-03   5.3389534020e-03   4.7185463800e-03   4.0795442191e-03   3.4244617035e-03   2.7558763225e-03   2.0764295111e-03   1.3888157820e-03   6.9576211440e-04   8.8303441237e-17   6.9576211440e-04   1.3888157820e-03   2.0764295111e-03   2.7558763225e-03   3.4244617035e-03   4.0795442191e-03   4.7185463800e-03   5.3389534020e-03   5.9382975428e-03   6.5141257557e-03   7.0640642920e-03   7.5861045415e-03   8.0782799042e-03   8.5386457777e-03   8.9653571329e-03   9.3567175276e-03   9.7111979314e-03   1.0027423851e-02   1.0304129374e-02   1.0540076880e-02   1.0734134009e-02   1.0885759208e-02   1.0994501944e-02   1.1059942764e-02   1.1081790859e-02   1.1059942764e-02   1.0994501944e-02   1.0885759208e-02   1.0734134009e-02   1.0540076880e-02   1.0304129374e-02   1.0027423851e-02   9.7111979314e-03   9.3567175276e-03   8.9653571329e-03   8.5386457777e-03   8.0782799042e-03   7.5861045415e-03   7.0640642920e-03   6.5141257557e-03   5.9382975428e-03   5.3389534020e-03   4.7185463800e-03   4.0795442191e-03   3.4244617035e-03   2.7558763225e-03   2.0764295111e-03   1.3888157820e-03   6.9576211440e-04   5.8934988830e-17 
  3.9891747465e-17   7.4717950506e-04   1.4914504094e-03   2.2298793630e-03   2.9595378611e-03   3.6775322640e-03   4.3810259319e-03   5.0672508959e-03   5.7335065255e-03   6.3771427066e-03   6.9955251038e-03   7.5861045415e-03   8.1467239805e-03   8.6752714961e-03   9.1696587821e-03   9.6279044618e-03   1.0048186725e-02   1.0428863542e-02   1.0768458842e-02   1.1065613155e-02   1.1318997387e-02   1.1527395485e-02   1.1690225888e-02   1.1807004779e-02   1.1877281714e-02   1.1900744396e-02   1.1877281714e-02   1.1807004779e-02   1.1690225888e-02   1.1527395485e-02   1.1318997387e-02   1.1065613155e-02   1.0768458842e-02   1.0428863542e-02   1.0048186725e-02   9.6279044618e-03   9.1696587821e-03   8.6752714961e-03   8.1467239805e-03   7.5861045415e-03   6.9955251038e-03   6.3771427066e-03   5.7335065255e-03   5.0672508959e-03   4.3810259319e-03   3.6775322640e-03   2.9595378611e-03   2.2298793630e-03   1.4914504094e-03   7.4717950506e-04   1.1229912819e-16   7.4717950506e-04   1.4914504094e-03   2.2298793630e-03   2.9595378611e-03   3.6775322640e-03   4.3810259319e-03   5.0672508959e-03   5.7335065255e-03   6.3771427066e-03   6.9955251038e-03   7.5861045415e-03   8.1467239805e-03   8.6752714961e-03   9.1696587821e-03   9.6279044618e-03   1.0048186725e-02   1.0428863542e-02   1.0768458842e-02   1.1065613155e-02   1.1318997387e-02   1.1527395485e-02   1.1690225888e-02   1.1807004779e-02   1.1877281714e-02   1.1900744396e-02   1.1877281714e-02   1.1807004779e-02   1.1690225888e-02   1.1527395485e-02   1.1318997387e-02   1.1065613155e-02   1.0768458842e-02   1.0428863542e-02   1.0048186725e-02   9.6279044618e-03   9.1696587821e-03   8.6752714961e-03   8.1467239805e-03   7.5861045415e-03   6.9955251038e-03   6.3771427066e-03   5.7335065255e-03   5.0672508959e-03   4.3810259319e-03   3.6775322640e-03   2.9595378611e-03   2.2298793630e-03   1.4914504094e-03   7.4717950506e-04   8.8268428008e-17 
  2.5784300112e-17   7.9565540996e-04   1.5882135153e-03   2.3745506555e-03   3.1515483292e-03   3.9161251615e-03   4.6652604753e-03   5.3960067188e-03   6.1054880469e-03   6.7908824075e-03   7.4493845487e-03   8.0782799042e-03   8.6752714961e-03   9.2381103874e-03   9.7645727891e-03   1.0252548777e-02   1.0700098345e-02   1.1105472930e-02   1.1467100693e-02   1.1783533959e-02   1.2053357395e-02   1.2275276046e-02   1.2448670627e-02   1.2573025943e-02   1.2647862329e-02   1.2672847231e-02   1.2647862329e-02   1.2573025943e-02   1.2448670627e-02   1.2275276046e-02   1.2053357395e-02   1.1783533959e-02   1.1467100693e-02   1.1105472930e-02   1.0700098345e-02   1.0252548777e-02   9.7645727891e-03   9.2381103874e-03   8.6752714961e-03   8.0782799042e-03   7.4493845487e-03   6.7908824075e-03   6.1054880469e-03   5.3960067188e-03   4.6652604753e-03   3.9161251615e-03   3.1515483292e-03   2.3745506555e-03   1.5882135153e-03   7.9565540996e-04   1.2750420620e-16   7.9565540996e-04   1.5882135153e-03   2.3745506555e-03   3.1515483292e-03   3.9161251615e-03   4.6652604753e-03   5.3960067188e-03   6.1054880469e-03   6.7908824075e-03   7.4493845487e-03   8.0782799042e-03   8.6752714961e-03   9.2381103874e-03   9.7645727891e-03   1.0252548777e-02   1.0700098345e-02   1.1105472930e-02   1.1467100693e-02   1.1783533959e-02   1.2053357395e-02   1.2275276046e-02   1.2448670627e-02   1.2573025943e-02   1.2647862329e-02   1.2672847231e-02   1.2647862329e-02   1.2573025943e-02   1.2448670627e-02   1.2275276046e-02   1.2053357395e-02   1.1783533959e-02   1.1467100693e-02   1.1105472930e-02   1.0700098345e-02   1.0252548777e-02   9.7645727891e-03   9.2381103874e-03   8.6752714961e-03   8.0782799042e-03   7.4493845487e-03   6.7908824075e-03   6.1054880469e-03   5.3960067188e-03   4.6652604753e-03   3.9161251615e-03   3.1515483292e-03   2.3745506555e-03   1.5882135153e-03   7.9565540996e-04   1.1961673510e-16 
  1.7333314043e-17   8.4099830109e-04   1.6787227888e-03   2.5098717918e-03   3.3311490913e-03   4.1392977109e-03   4.9311248306e-03   5.7035149226e-03   6.4534282521e-03   7.1778819421e-03   7.8739108726e-03   8.5386457777e-03   9.1696587821e-03   9.7645727891e-03   1.0321037282e-02   1.0836822097e-02   1.1309876670e-02   1.1738352792e-02   1.2120589045e-02   1.2455055251e-02   1.2740255416e-02   1.2974820785e-02   1.3158096786e-02   1.3289538867e-02   1.3368640030e-02   1.3395048772e-02   1.3368640030e-02   1.3289538867e-02   1.3158096786e-02   1.2974820785e-02   1.2740255416e-02   1.2455055251e-02   1.2120589045e-02   1.1738352792e-02   1.1309876670e-02   1.0836822097e-02   1.0321037282e-02   9.7645727891e-03   9.1696587821e-03   8.5386457777e-03   7.8739108726e-03   7.1778819421e-03   6.4534282521e-03   5.7035149226e-03   4.9311248306e-03   4.1392977109e-03   3.3311490913e-03   2.5098717918e-03   1.6787227888e-03   8.4099830109e-04   1.4516920457e-16   8.4099830109e-04   1.6787227888e-03   2.5098717918e-03   3.3311490913e-03   4.1392977109e-03   4.9311248306e-03   5.7035149226e-03   6.4534282521e-03   7.1778819421e-03   7.8739108726e-03   8.5386457777e-03   9.1696587821e-03   9.7645727891e-03   1.0321037282e-02   1.0836822097e-02   1.1309876670e-02   1.1738352792e-02   1.2120589045e-02   1.2455055251e-02   1.2740255416e-02   1.2974820785e-02   1.3158096786e-02   1.3289538867e-02   1.3368640030e-02   1.3395048772e-02   1.3368640030e-02   1.3289538867e-02   1.3158096786e-02   1.2974820785e-02   1.2740255416e-02   1.2455055251e-02   1.2120589045e-02   1.1738352792e-02   1.1309876670e-02   1.0836822097e-02   1.0321037282e-02   9.7645727891e-03   9.1696587821e-03   8.5386457777e-03   7.8739108726e-03   7.1778819421e-03   6.4534282521e-03   5.7035149226e-03   4.9311248306e-03   4.1392977109e-03   3.3311490913e-03   2.5098717918e-03   1.6787227888e-03   8.4099830109e-04   1.4647857864e-16 
  8.6736173799e-18   8.8302645641e-04   1.7626154933e-03   2.6353004410e-03   3.4976203553e-03   4.3461554952e-03   5.1775534821e-03   5.9885430929e-03   6.7759326845e-03   7.5365903134e-03   8.2674026811e-03   8.9653571329e-03   9.6279044618e-03   1.0252548777e-02   1.0836822097e-02   1.1378382807e-02   1.1875077868e-02   1.2324966708e-02   1.2726304882e-02   1.3077485743e-02   1.3376938537e-02   1.3623226106e-02   1.3815661166e-02   1.3953671952e-02   1.4036726127e-02   1.4064454623e-02   1.4036726127e-02   1.3953671952e-02   1.3815661166e-02   1.3623226106e-02   1.3376938537e-02   1.3077485743e-02   1.2726304882e-02   1.2324966708e-02   1.1875077868e-02   1.1378382807e-02   1.0836822097e-02   1.0252548777e-02   9.6279044618e-03   8.9653571329e-03   8.2674026811e-03   7.5365903134e-03   6.7759326845e-03   5.9885430929e-03   5.1775534821e-03   4.3461554952e-03   3.4976203553e-03   2.6353004410e-03   1.7626154933e-03   8.8302645641e-04   1.5458715849e-16   8.8302645641e-04   1.7626154933e-03   2.6353004410e-03   3.4976203553e-03   4.3461554952e-03   5.1775534821e-03   5.9885430929e-03   6.7759326845e-03   7.5365903134e-03   8.2674026811e-03   8.9653571329e-03   9.6279044618e-03   1.0252548777e-02   1.0836822097e-02   1.1378382807e-02   1.1875077868e-02   1.2324966708e-02   1.2726304882e-02   1.3077485743e-02   1.3376938537e-02   1.3623226106e-02   1.3815661166e-02   1.3953671952e-02   1.4036726127e-02   1.4064454623e-02   1.4036726127e-02   1.3953671952e-02   1.3815661166e-02   1.3623226106e-02   1.3376938537e-02   1.3077485743e-02   1.2726304882e-02   1.2324966708e-02   1.1875077868e-02   1.1378382807e-02   1.0836822097e-02   1.0252548777e-02   9.6279044618e-03   8.9653571329e-03   8.2674026811e-03   7.5365903134e-03   6.7759326845e-03   5.9885430929e-03   5.1775534821e-03   4.3461554952e-03   3.4976203553e-03   2.6353004410e-03   1.7626154933e-03   8.8302645641e-04   1.7039643891e-16 
  1.6373122993e-18   9.2157278803e-04   1.8395581034e-03   2.7503379469e-03   3.6503002950e-03   4.5358761265e-03   5.4035667235e-03   6.2499580660e-03   7.0717191890e-03   7.8655814335e-03   8.6282956005e-03   9.3567175276e-03   1.0048186725e-02   1.0700098345e-02   1.1309876670e-02   1.1875077868e-02   1.2393454914e-02   1.2862982526e-02   1.3281840110e-02   1.3648350889e-02   1.3960875547e-02   1.4217914195e-02   1.4418749542e-02   1.4562784858e-02   1.4649464566e-02   1.4678403483e-02   1.4649464566e-02   1.4562784858e-02   1.4418749542e-02   1.4217914195e-02   1.3960875547e-02   1.3648350889e-02   1.3281840110e-02   1.2862982526e-02   1.2393454914e-02   1.1875077868e-02   1.1309876670e-02   1.0700098345e-02   1.0048186725e-02   9.3567175276e-03   8.6282956005e-03   7.8655814335e-03   7.0717191890e-03   6.2499580660e-03   5.4035667235e-03   4.5358761265e-03   3.6503002950e-03   2.7503379469e-03   1.8395581034e-03   9.2157278803e-04   1.5785687427e-16   9.2157278802e-04   1.8395581034e-03   2.7503379469e-03   3.6503002950e-03   4.5358761265e-03   5.4035667235e-03   6.2499580660e-03   7.0717191890e-03   7.8655814335e-03   8.6282956005e-03   9.3567175276e-03   1.0048186725e-02   1.0700098345e-02   1.1309876670e-02   1.1875077868e-02   1.2393454914e-02   1.2862982526e-02   1.3281840110e-02   1.3648350889e-02   1.3960875547e-02   1.4217914195e-02   1.4418749542e-02   1.4562784858e-02   1.4649464566e-02   1.4678403483e-02   1.4649464566e-02   1.4562784858e-02   1.4418749542e-02   1.4217914195e-02   1.3960875547e-02   1.3648350889e-02   1.3281840110e-02   1.2862982526e-02   1.2393454914e-02   1.1875077868e-02   1.1309876670e-02   1.0700098345e-02   1.0048186725e-02   9.3567175276e-03   8.6282956005e-03   7.8655814335e-03   7.0717191890e-03   6.2499580660e-03   5.4035667235e-03   4.5358761265e-03   3.6503002950e-03   2.7503379469e-03   1.8395581034e-03   9.2157278802e-04   1.9163607431e-16 
  5.7916641836e-18   9.5648669632e-04   1.9092500061e-03   2.8545348607e-03   3.7885923942e-03   4.7077183724e-03   5.6082815285e-03   6.4867385032e-03   7.3396321392e-03   8.1635699470e-03   8.9551796361e-03   9.7111979314e-03   1.0428863542e-02   1.1105472930e-02   1.1738352792e-02   1.2324966708e-02   1.2862982526e-02   1.3350298235e-02   1.3785024272e-02   1.4165420340e-02   1.4489785027e-02   1.4756561628e-02   1.4965005669e-02   1.5114497801e-02   1.5204461395e-02   1.5234496672e-02   1.5204461395e-02   1.5114497801e-02   1.4965005669e-02   1.4756561628e-02   1.4489785027e-02   1.4165420340e-02   1.3785024272e-02   1.3350298235e-02   1.2862982526e-02   1.2324966708e-02   1.1738352792e-02   1.1105472930e-02   1.0428863542e-02   9.7111979314e-03   8.9551796361e-03   8.1635699470e-03   7.3396321392e-03   6.4867385032e-03   5.6082815285e-03   4.7077183724e-03   3.7885923942e-03   2.8545348607e-03   1.9092500061e-03   9.5648669632e-04   1.5375423282e-16   9.5648669632e-04   1.9092500061e-03   2.8545348607e-03   3.7885923942e-03   4.7077183724e-03   5.6082815285e-03   6.4867385032e-03   7.3396321392e-03   8.1635699470e-03   8.9551796361e-03   9.7111979314e-03   1.0428863542e-02   1.1105472930e-02   1.1738352792e-02   1.2324966708e-02   1.2862982526e-02   1.3350298235e-02   1.3785024272e-02   1.4165420340e-02   1.4489785027e-02   1.4756561628e-02   1.4965005669e-02   1.5114497801e-02   1.5204461395e-02   1.5234496672e-02   1.5204461395e-02   1.5114497801e-02   1.4965005669e-02   1.4756561628e-02   1.4489785027e-02   1.4165420340e-02   1.3785024272e-02   1.3350298235e-02   1.2862982526e-02   1.2324966708e-02   1.1738352792e-02   1.1105472930e-02   1.0428863542e-02   9.7111979314e-03   8.9551796361e-03   8.1635699470e-03   7.3396321392e-03   6.4867385032e-03   5.6082815285e-03   4.7077183724e-03   3.7885923942e-03   2.8545348607e-03   1.9092500061e-03   9.5648669632e-04   2.1033317969e-16 
  1.1323326380e-17   9.8763280168e-04   1.9714209696e-03   2.9474871571e-03   3.9119604236e-03   4.8610159138e-03   5.7909041167e-03   6.6979662915e-03   7.5786327075e-03   8.4294004093e-03   9.2467873010e-03   1.0027423851e-02   1.0768458842e-02   1.1467100693e-02   1.2120589045e-02   1.2726304882e-02   1.3281840110e-02   1.3785024272e-02   1.4233906279e-02   1.4626689169e-02   1.4961616140e-02   1.5237079809e-02   1.5452311444e-02   1.5606671517e-02   1.5699564614e-02   1.5730577937e-02   1.5699564614e-02   1.5606671517e-02   1.5452311444e-02   1.5237079809e-02   1.4961616140e-02   1.4626689169e-02   1.4233906279e-02   1.3785024272e-02   1.3281840110e-02   1.2726304882e-02   1.2120589045e-02   1.1467100693e-02   1.0768458842e-02   1.0027423851e-02   9.2467873010e-03   8.4294004093e-03   7.5786327075e-03   6.6979662915e-03   5.7909041167e-03   4.8610159138e-03   3.9119604236e-03   2.9474871571e-03   1.9714209696e-03   9.8763280168e-04   1.4310602516e-16   9.8763280168e-04   1.9714209696e-03   2.9474871571e-03   3.9119604236e-03   4.8610159138e-03   5.7909041167e-03   6.6979662915e-03   7.5786327075e-03   8.4294004093e-03   9.2467873010e-03   1.0027423851e-02   1.0768458842e-02   1.1467100693e-02   1.2120589045e-02   1.2726304882e-02   1.3281840110e-02   1.3785024272e-02   1.4233906279e-02   1.4626689169e-02   1.4961616140e-02   1.5237079809e-02   1.5452311444e-02   1.5606671517e-02   1.5699564614e-02   1.5730577937e-02   1.5699564614e-02   1.5606671517e-02   1.5452311444e-02   1.5237079809e-02   1.4961616140e-02   1.4626689169e-02   1.4233906279e-02   1.3785024272e-02   1.3281840110e-02   1.2726304882e-02   1.2120589045e-02   1.1467100693e-02   1.0768458842e-02   1.0027423851e-02   9.2467873010e-03   8.4294004093e-03   7.5786327075e-03   6.6979662915e-03   5.7909041167e-03   4.8610159138e-03   3.9119604236e-03   2.9474871571e-03   1.9714209696e-03   9.8763280168e-04   2.2798749451e-16 
  1.4203952284e-17   1.0148864174e-03   2.0258221063e-03   3.0288227238e-03   4.0199105110e-03   4.9951550664e-03   5.9507034121e-03   6.8827958458e-03   7.7877641323e-03   8.6620086559e-03   9.5019512392e-03   1.0304129374e-02   1.1065613155e-02   1.1783533959e-02   1.2455055251e-02   1.3077485743e-02   1.3648350889e-02   1.4165420340e-02   1.4626689169e-02   1.5030310834e-02   1.5374480064e-02   1.5657545134e-02   1.5878716086e-02   1.6037335729e-02   1.6132792216e-02   1.6164661353e-02   1.6132792216e-02   1.6037335729e-02   1.5878716086e-02   1.5657545134e-02   1.5374480064e-02   1.5030310834e-02   1.4626689169e-02   1.4165420340e-02   1.3648350889e-02   1.3077485743e-02   1.2455055251e-02   1.1783533959e-02   1.1065613155e-02   1.0304129374e-02   9.5019512392e-03   8.6620086559e-03   7.7877641323e-03   6.8827958458e-03   5.9507034121e-03   4.9951550664e-03   4.0199105110e-03   3.0288227238e-03   2.0258221063e-03   1.0148864174e-03   1.2748629908e-16   1.0148864174e-03   2.0258221063e-03   3.0288227238e-03   4.0199105110e-03   4.9951550664e-03   5.9507034121e-03   6.8827958458e-03   7.7877641323e-03   8.6620086559e-03   9.5019512392e-03   1.0304129374e-02   1.1065613155e-02   1.1783533959e-02   1.2455055251e-02   1.3077485743e-02   1.3648350889e-02   1.4165420340e-02   1.4626689169e-02   1.5030310834e-02   1.5374480064e-02   1.5657545134e-02   1.5878716086e-02   1.6037335729e-02   1.6132792216e-02   1.6164661353e-02   1.6132792216e-02   1.6037335729e-02   1.5878716086e-02   1.5657545134e-02   1.5374480064e-02   1.5030310834e-02   1.4626689169e-02   1.4165420340e-02   1.3648350889e-02   1.3077485743e-02   1.2455055251e-02   1.1783533959e-02   1.1065613155e-02   1.0304129374e-02   9.5019512392e-03   8.6620086559e-03   7.7877641323e-03   6.8827958458e-03   5.9507034121e-03   4.9951550664e-03   4.0199105110e-03   3.0288227238e-03   2.0258221063e-03   1.0148864174e-03   2.4109392235e-16 
